tablero_ejemplo2 = [
        [0, 2, 0, 5, 0, 7, 0, 0, 0],
        [9, 0, 0, 0, 0, 0, 2, 0, 0],
        [1, 0, 7, 4, 8, 0, 9, 0, 0],
        [0, 0, 3, 0, 0, 1, 0, 4, 0],
        [0, 9, 0, 3, 0, 5, 8, 0, 0],
        [0, 0, 0, 0, 2, 0, 0, 9, 0],
        [3, 0, 4, 0, 0, 0, 5, 8, 0],
        [0, 0, 0, 0, 0, 0, 0, 0, 0],
        [6, 0, 0, 0, 0, 0, 1, 0, 0]
    ]

    [
        [2, 3, 5, 9, 7, 8, 6, 1, 4],
        [4, 6, 1, 2, 0, 9, 7, 5, 3],
        [9, 0, 7, 6, 5, 4, 8, 2, 1],
        [1, 4, 8, 5, 6, 7, 3, 0, 2],
        [6, 5, 4, 3, 1, 9, 8, 2, 7],
        [3, 7, 9, 0, 2, 6, 5, 4, 1],
        [5, 1, 3, 7, 4, 2, 0, 8, 6],
        [7, 2, 0, 4, 9, 8, 1, 3, 5],
        [8, 9, 2, 1, 3, 5, 4, 7, 9]
    ]